1651665653338 203.376877 0
1651665653348 202.378693 1
1651665653351 201.395081 2
1651665653355 200.425049 3
1651665653359 199.469208 4
1651665653362 198.527405 5
1651665653366 197.599167 6
1651665653370 196.684708 7
1651665653373 195.783768 8
1651665653377 194.89267 9
1651665653382 194.017654 10
1651665653385 193.153946 11
1651665653389 192.305099 12
1651665653396 191.466049 13
1651665653399 190.639618 14
1651665653430 189.824814 15
1651665653615 167.819168 50
1651665653438 188.230682 17
1651665653442 187.45491 18
1651665653448 186.685379 19
1651665653452 185.928711 20
1651665653456 185.182373 21
1651665653462 184.445374 22
1651665653466 183.702103 23
1651665653470 182.990479 24
1651665653474 182.269028 25
1651665653480 181.57933 26
1651665653485 180.877243 27
1651665653488 180.207855 28
1651665653492 179.526825 29
1651665653497 178.877853 30
1651665653501 178.218414 31
1651665653505 177.567383 32
1651665653510 176.947052 33
1651665653515 176.316925 34
1651665653519 175.681442 35
1651665653523 175.068405 36
1651665653529 174.449722 37
1651665653534 173.854111 38
1651665653537 173.265228 39
1651665653541 172.667923 40
1651665653548 172.098785 41
1651665653552 171.535004 42
1651665653555 170.981201 43
1651665653562 170.438141 44
1651665653566 169.914841 45
1651665653570 169.360672 46
1651665653573 168.843719 47
1651665653579 168.327927 48
1651665653582 167.819168 49
1651665663298 203.376877 0
1651665663308 202.378693 1
1651665663312 201.395081 2
1651665663316 200.425049 3
1651665663320 199.469208 4
1651665663323 198.527405 5
1651665663327 197.599167 6
1651665663330 196.684708 7
1651665663334 195.783768 8
1651665663338 194.89267 9
1651665663342 194.017654 10
1651665663364 193.153946 11
1651665663369 192.305099 12
1651665663373 191.466049 13
1651665663378 190.639618 14
1651665663382 189.824814 15
1651665663385 189.022614 16
1651665663389 188.230682 17
1651665663395 187.45491 18
1651665663399 186.685379 19
1651665663402 185.928711 20
1651665663407 185.182373 21
1651665663413 184.445374 22
1651665663417 183.702103 23
1651665663421 182.990479 24
1651665663426 182.269028 25
1651665663431 181.57933 26
1651665663434 180.877243 27
1651665663438 180.207855 28
1651665663443 179.526825 29
1651665663448 178.877853 30
1651665663452 178.218414 31
1651665663455 177.567383 32
1651665663460 176.947052 33
1651665663465 176.316925 34
1651665663469 175.681442 35
1651665663473 175.068405 36
1651665663480 174.449722 37
1651665663484 173.854111 38
1651665663487 173.265228 39
1651665663493 172.667923 40
1651665663498 172.098785 41
1651665663502 171.535004 42
1651665663506 170.981201 43
1651665663511 170.438141 44
1651665663516 169.914841 45
1651665663520 169.360672 46
1651665663523 168.843719 47
1651665663528 168.327927 48
1651665663531 167.819168 49
1651665663593 167.296066 50
1651665663835 153.323029 96
1651665663596 166.794479 51
1651665663599 166.280899 52
1651665663603 165.808258 53
1651665663607 165.311218 54
1651665663610 164.851669 55
1651665663613 164.386276 56
1651665663617 163.910248 57
1651665663621 163.450272 58
1651665663626 163.015549 59
1651665663630 162.559235 60
1651665663633 162.139755 61
1651665663637 161.701614 62
1651665663642 161.263016 63
1651665663647 160.863342 64
1651665663650 160.444366 65
1651665663654 160.063919 66
1651665663658 159.64917 67
1651665663663 159.248245 68
1651665663668 158.846771 69
1651665663671 158.488632 70
1651665663677 158.136124 71
1651665663683 157.748184 72
1651665663687 157.393295 73
1651665663692 157.023453 74
1651665663696 156.651688 75
1651665663702 156.281326 76
1651665663705 155.920929 77
1651665663709 155.562012 78
1651665663714 155.238907 79
1651665663719 154.895706 80
1651665663722 154.593628 81
1651665663727 154.296661 82
1651665663731 153.966782 83
1651665663736 153.639542 84
1651665663740 153.323029 85
1651665663744 153.030914 86
1651665663749 152.761383 87
1651665663754 152.478394 88
1651665663758 152.216339 89
1651665663762 151.942139 90
1651665663766 151.671204 91
1651665663771 151.410278 92
1651665663776 151.147797 93
1651665663779 150.888657 94
1651665663784 150.63147 95
1651665707059 203.376877 0
1651665707066 202.378693 1
1651665707069 201.395081 2
1651665707073 200.425049 3
1651665707076 199.469208 4
1651665707079 198.527405 5
1651665707083 197.599167 6
1651665707087 196.684708 7
1651665707092 195.783768 8
1651665707096 194.89267 9
1651665707100 194.017654 10
1651665707122 193.153946 11
1651665707126 192.305099 12
1651665707130 191.466049 13
1651665707135 190.639618 14
1651665707140 189.824814 15
1651665707143 189.022614 16
1651665707147 188.230682 17
1651665707152 187.45491 18
1651665707157 186.685379 19
1651665707161 185.928711 20
1651665707164 185.182373 21
1651665707170 184.445374 22
1651665707175 183.702103 23
1651665707178 182.990479 24
1651665707182 182.269028 25
1651665707187 181.57933 26
1651665707192 180.877243 27
1651665707196 180.207855 28
1651665707199 179.526825 29
1651665707204 178.877853 30
1651665707208 178.218414 31
1651665707213 177.567383 32
1651665707217 176.947052 33
1651665707222 176.316925 34
1651665707227 175.681442 35
1651665707231 175.068405 36
1651665707235 174.449722 37
1651665707240 173.854111 38
1651665707245 173.265228 39
1651665707249 172.667923 40
1651665707253 172.098785 41
1651665707259 171.535004 42
1651665707263 170.981201 43
1651665707266 170.438141 44
1651665707272 169.914841 45
1651665707277 169.360672 46
1651665707280 168.843719 47
1651665707343 168.327927 48
1651665707595 153.323029 95
1651665707350 167.296066 50
1651665707354 166.794479 51
1651665707357 166.280899 52
1651665707362 165.808258 53
1651665707367 165.311218 54
1651665707371 164.851669 55
1651665707375 164.386276 56
1651665707380 163.910248 57
1651665707384 163.450272 58
1651665707389 163.015549 59
1651665707393 162.559235 60
1651665707398 162.139755 61
1651665707402 161.701614 62
1651665707406 161.263016 63
1651665707410 160.863342 64
1651665707415 160.444366 65
1651665707420 160.063919 66
1651665707423 159.64917 67
1651665707428 159.248245 68
1651665707433 158.846771 69
1651665707438 158.488632 70
1651665707441 158.136124 71
1651665707445 157.748184 72
1651665707451 157.393295 73
1651665707455 157.023453 74
1651665707458 156.651688 75
1651665707462 156.281326 76
1651665707467 155.920929 77
1651665707472 155.562012 78
1651665707475 155.238907 79
1651665707479 154.895706 80
1651665707484 154.593628 81
1651665707488 154.296661 82
1651665707492 153.966782 83
1651665707496 153.639542 84
1651665707500 153.323029 85
1651665707506 153.030914 86
1651665707509 152.761383 87
1651665707513 152.478394 88
1651665707517 152.216339 89
1651665707523 151.942139 90
1651665707526 151.671204 91
1651665707530 151.410278 92
1651665707534 151.147797 93
1651665707541 150.888657 94
